[gd_scene load_steps=10 format=3 uid="uid://bprlp2rri30bf"]

[ext_resource type="Script" path="res://demo_3d.gd" id="1_ut343"]
[ext_resource type="Material" uid="uid://b7qto250huuby" path="res://materials/custom_demo_ground.tres" id="2_imrpy"]
[ext_resource type="Script" path="res://FreeCamera.gd" id="2_p3fjw"]
[ext_resource type="Script" path="res://addons/libmaszyna/environment/maszyna_environment_node.gd" id="2_py6pt"]
[ext_resource type="Shader" path="res://sky.gdshader" id="2_ydn4r"]
[ext_resource type="Script" path="res://addons/libmaszyna/e3d/e3d_model_instance.gd" id="4_drlsl"]

[sub_resource type="ShaderMaterial" id="ShaderMaterial_s18ef"]
shader = ExtResource("2_ydn4r")
shader_parameter/sky_offset = Vector2(0.49, 0.005)
shader_parameter/exposure = 0.85
shader_parameter/tint_color = Color(1, 1, 1, 1)
shader_parameter/sun_color = Color(10, 8, 1, 1)
shader_parameter/sun_sunset_color = Color(10, 0, 0, 1)
shader_parameter/sun_size = 0.2
shader_parameter/sun_blur = 10.0
shader_parameter/sky_scale = Vector2(0.547, 0.865)

[sub_resource type="Sky" id="Sky_pybda"]
sky_material = SubResource("ShaderMaterial_s18ef")

[sub_resource type="Environment" id="Environment_jrns0"]
background_mode = 2
sky = SubResource("Sky_pybda")
tonemap_mode = 3
tonemap_white = 6.44
ssr_enabled = true
ssao_enabled = true
ssil_enabled = true
sdfgi_enabled = true
sdfgi_min_cell_size = 0.488281
glow_enabled = true
glow_intensity = 0.9
glow_strength = 1.08
glow_bloom = 0.08
glow_blend_mode = 1
glow_hdr_threshold = 0.29
fog_enabled = true
fog_mode = 1
fog_sun_scatter = 0.4
fog_density = 0.1736
fog_sky_affect = 0.4
fog_depth_curve = 1.1487
fog_depth_end = 67.0
volumetric_fog_enabled = true
volumetric_fog_density = 0.029
volumetric_fog_anisotropy = 0.49
volumetric_fog_length = 2.8
volumetric_fog_detail_spread = 3.95852
volumetric_fog_sky_affect = 0.405
volumetric_fog_temporal_reprojection_amount = 0.99
adjustment_enabled = true

[node name="Demo3D" type="Node3D"]
script = ExtResource("1_ut343")

[node name="MaszynaEnvironmentNode" type="Node" parent="."]
script = ExtResource("2_py6pt")
world_environment = NodePath("../WorldEnvironment")
sky_texture_offset = Vector2(0.49, 0.005)
sky_texture_scale = Vector2(0.547, 0.865)
sky_energy = 0.85

[node name="Ground" type="CSGBox3D" parent="."]
transform = Transform3D(1, 0, 0, 0, 1, 0, 0, 0, 1, 0, -0.069304, -5.63989)
material_override = ExtResource("2_imrpy")
size = Vector3(5000, 0.1, 5000)

[node name="DirectionalLight3D" type="DirectionalLight3D" parent="."]
transform = Transform3D(-0.846557, 0.01871, 0.531969, 0.393589, 0.694835, 0.601906, -0.358369, 0.718925, -0.595582, 5.83027, -6.14961, 0)
light_color = Color(0.929688, 0.848771, 0.817108, 1)
light_energy = 2.34
light_indirect_energy = 2.0
light_volumetric_fog_energy = 11.811
shadow_enabled = true
directional_shadow_split_1 = 0.032
directional_shadow_split_2 = 0.1
directional_shadow_split_3 = 0.3
directional_shadow_blend_splits = true
directional_shadow_max_distance = 300.0

[node name="WorldEnvironment" type="WorldEnvironment" parent="."]
environment = SubResource("Environment_jrns0")

[node name="Camera3D" type="Camera3D" parent="."]
transform = Transform3D(-0.543175, -0.0614923, 0.837365, 0, 0.997315, 0.0732382, -0.83962, 0.0397811, -0.541716, 21.04, 1.959, -18.089)
fov = 50.4
script = ExtResource("2_p3fjw")

[node name="TEM2" type="Node3D" parent="."]
transform = Transform3D(1, 0, 0, 0, 0.00651005, 0.999979, 0, -0.999979, 0.00651005, -7.46647, -0.0144134, 3.12076)
script = ExtResource("4_drlsl")
data_path = "/dynamic/pkp/tem2_v2"
model_filename = "tem2-122a"
skins = ["tem2-122"]
exclude_node_names = ["cien"]

[node name="Stonka" type="Node3D" parent="."]
transform = Transform3D(1, 0, 0, 0, 1, 0, 0, 0, 1, -5.72927, 0, -11.5225)

[node name="SM42-099" type="Node3D" parent="Stonka"]
transform = Transform3D(1, 0, 0, 0, 0.00651005, 0.999979, 0, -0.999979, 0.00651005, -9.98195, 0, -2.28676)
script = ExtResource("4_drlsl")
data_path = "/dynamic/pkp/sm42_v1"
model_filename = "6da"
skins = ["6d-099"]
exclude_node_names = ["cien"]

[node name="401W-1" type="Node3D" parent="Stonka"]
transform = Transform3D(1, 0, 0, 0, -4.37114e-08, 1, 0, -1, -4.37114e-08, -9.93601, 0, 11.883)
script = ExtResource("4_drlsl")
data_path = "/dynamic/pkp/401w_v2"
model_filename = "main/401w"
skins = ["5217,1", "5217,2"]
exclude_node_names = ["cien"]

[node name="401W-2" type="Node3D" parent="Stonka"]
transform = Transform3D(1, 0, 0, 0, -4.37114e-08, 1, 0, -1, -4.37114e-08, -9.93601, 0, 25.9012)
script = ExtResource("4_drlsl")
data_path = "/dynamic/pkp/401w_v2"
model_filename = "main/401w"
skins = ["5217,1", "5217,2"]
exclude_node_names = ["cien"]

[node name="401W-3" type="Node3D" parent="Stonka"]
transform = Transform3D(1, 0, 0, 0, -4.37114e-08, 1, 0, -1, -4.37114e-08, -9.93601, 0, 39.9068)
script = ExtResource("4_drlsl")
data_path = "/dynamic/pkp/401w_v2"
model_filename = "main/401w"
skins = ["5217,1", "5217,2"]
exclude_node_names = ["cien"]

[node name="401W-4" type="Node3D" parent="Stonka"]
transform = Transform3D(1, 0, 0, 0, -4.37114e-08, 1, 0, -1, -4.37114e-08, -9.93601, 0, 53.9227)
script = ExtResource("4_drlsl")
data_path = "/dynamic/pkp/401w_v2"
model_filename = "main/401w"
skins = ["5217,1", "5217,2"]
exclude_node_names = ["cien"]

[node name="401W-5" type="Node3D" parent="Stonka"]
transform = Transform3D(1, 0, 0, 0, -4.37114e-08, 1, 0, -1, -4.37114e-08, -9.93601, 0, 67.9317)
script = ExtResource("4_drlsl")
data_path = "/dynamic/pkp/401w_v2"
model_filename = "main/401w"
skins = ["5217,1", "5217,2"]
exclude_node_names = ["cien"]

[node name="Impuls" type="Node3D" parent="."]

[node name="Impuls-024a" type="Node3D" parent="Impuls"]
transform = Transform3D(1, 0, 0, 0, -4.37114e-08, 1, 0, -1, -4.37114e-08, 1.57609, 0, 0)
script = ExtResource("4_drlsl")
data_path = "/dynamic/pkp/impuls_v1"
model_filename = "main/36wea-a_kd"
skins = ["36wea-019a,1", "36wea-019a,2", "36wea-019a,3", "36wea-019a,4"]
exclude_node_names = ["cien"]

[node name="Impuls-024b" type="Node3D" parent="Impuls"]
transform = Transform3D(1, 0, 0, 0, -4.37114e-08, 1, 0, -1, -4.37114e-08, 1.576, 0, 18.525)
script = ExtResource("4_drlsl")
data_path = "/dynamic/pkp/impuls_v1"
model_filename = "main/31wea-b_kd"
skins = ["36wea-019b,1", "36wea-019b,2", "36wea-019b,3", "36wea-019c,4"]
exclude_node_names = ["cien"]

[node name="Impuls-024c" type="Node3D" parent="Impuls"]
transform = Transform3D(-1, -8.74228e-08, -3.82137e-15, 0, -4.37114e-08, 1, -8.74228e-08, 1, 4.37114e-08, 1.576, 0, 34.4186)
script = ExtResource("4_drlsl")
data_path = "/dynamic/pkp/impuls_v1"
model_filename = "main/31wea-c_kd"
skins = ["36wea-019b,1", "36wea-019c,2", "36wea-019c,3", "36wea-019c,4"]
exclude_node_names = ["cien"]

[node name="Impuls-024d" type="Node3D" parent="Impuls"]
transform = Transform3D(-1, 8.74228e-08, 3.82137e-15, 0, -4.37114e-08, 1, 8.74228e-08, 1, 4.37114e-08, 1.576, 0, 52.9294)
script = ExtResource("4_drlsl")
data_path = "/dynamic/pkp/impuls_v1"
model_filename = "main/31wea-d_kd"
skins = ["36wea-019a,1", "36wea-019a,2", "36wea-019a,3", "36wea-019a,4"]
exclude_node_names = ["cien"]

[node name="Dekoracje" type="Node3D" parent="."]

[node name="Dworzec Olkusz" type="Node3D" parent="Dekoracje"]
transform = Transform3D(1, 0, 0, 0, 0.999979, -0.00651009, 0, 0.00651009, 0.999979, 23.6762, -0.0722218, 3.12076)
script = ExtResource("4_drlsl")
data_path = "models/stacje/"
model_filename = "dworzec_olkusz"
skins = ["dworzec_olkusz_lhs"]

[node name="Dworzec Sosnowiec" type="Node3D" parent="Dekoracje"]
transform = Transform3D(-0.996005, -0.000581314, -0.0892923, 0, 0.999979, -0.00651009, 0.0892942, -0.00648409, -0.995984, 21.3481, 0.108946, 32.9385)
script = ExtResource("4_drlsl")
data_path = "models/stacje/"
model_filename = "dworzec_sosnowiec_porabka"
skins = ["dworzec_sosnowiec_porabka"]

[node name="Nastawnia Sochaczew" type="Node3D" parent="Dekoracje"]
transform = Transform3D(0.995214, -0.000636179, -0.0977197, -2.73898e-10, 0.999979, -0.00651009, 0.0977218, 0.00647893, 0.995193, 49.2187, -0.199109, 49.3024)
script = ExtResource("4_drlsl")
data_path = "models/sochaczew/"
model_filename = "nastawnia"
skins = ["dworzec_sosnowiec_porabka"]

[node name="Szyb Kleofas" type="Node3D" parent="Dekoracje"]
transform = Transform3D(-0.00991323, -0.00650977, -0.99993, -3.31827e-10, 0.999979, -0.00651009, 0.999951, -6.45372e-05, -0.00991302, -48.9397, -0.199109, 49.3024)
script = ExtResource("4_drlsl")
data_path = "models/przemysl/kopalnie"
model_filename = "szyb_kleofas_gigant"
skins = ["dworzec_sosnowiec_porabka"]

[node name="KWK Staszic" type="Node3D" parent="Dekoracje"]
transform = Transform3D(0.991685, 0.000837795, 0.128689, -7.01784e-10, 0.999979, -0.00651009, -0.128692, 0.00645596, 0.991664, 69.2926, -0.199109, 92.8501)
script = ExtResource("4_drlsl")
data_path = "models/przemysl/kopalnie/kwk_staszic"
model_filename = "szyb_ii"

[node name="Tabliczka PKP" type="Node3D" parent="Dekoracje"]
transform = Transform3D(-0.989323, -0.000948765, -0.145735, -8.28882e-10, 0.999979, -0.0065101, 0.145738, -0.00644059, -0.989302, 16.5195, -0.199109, -17.7848)
script = ExtResource("4_drlsl")
data_path = "models/otoczenie/obiekty_stacyjne"
model_filename = "terenpkp"

[node name="Parkomat" type="Node3D" parent="Dekoracje"]
transform = Transform3D(-0.997577, -0.000452873, -0.0695637, -5.57518e-10, 0.999979, -0.0065101, 0.0695652, -0.00649432, -0.997556, 18.1062, -0.0388117, -10.9422)
script = ExtResource("4_drlsl")
data_path = "models/miejskie"
model_filename = "parkomat_rozi_macius9551"

[node name="Skrzynka" type="Node3D" parent="Dekoracje"]
transform = Transform3D(0.999866, 0.000106457, 0.0163529, -4.68966e-10, 0.999979, -0.0065101, -0.0163532, 0.00650922, 0.999845, 21.1062, -0.0161638, -10.6909)
script = ExtResource("4_drlsl")
data_path = "models/miejskie"
model_filename = "skrzynka_tel_rozi_macius9551"

[node name="Klamoty" type="Node3D" parent="Dekoracje"]
transform = Transform3D(0.999866, 0.000106457, 0.0163529, -4.68966e-10, 0.999979, -0.0065101, -0.0163532, 0.00650922, 0.999845, -26.1908, -0.0161638, -13.3744)
script = ExtResource("4_drlsl")
data_path = "models/kolejowe"
model_filename = "klamoty_naprawcze"
